%variables
% Input file for pyramid

element properties
% Brick element format
% E G rho
steel  

% I also used "steel" as a property. WFEM has some of these predefined. 
% Run "units" and type "who" to see variables/values available inside your
% input file


BrickGuyan_project2 elements
% node1 node2 node3 node4 node5 node6 
% node7 node8 (beam properties number)
1     3    25    24    67    97   163   111   1
3     4    28    25    97    96   172   163   1
4     5    31    28    96    95   181   172   1
5     6    34    31    95    94   190   181   1
6     7    37    34    94    93   199   190   1
7     8    40    37    93    92   208   199   1
8     9    43    40    92    91   217   208   1
9     2    13    43    91    53    65   217   1
24    25    26    23   111   163   166   108  1
25    28    29    26   163   172   175   166  1
28    31    32    29   172   181   184   175  1
31    34    35    32   181   190   193   184  1
34    37    38    35   190   199   202   193  1
37    40    41    38   199   208   211   202  1
40    43    44    41   208   217   220   211  1
43    13    12    44   217    65    64   220  1
23    26    27    22   108   166   169   105  1
26    29    30    27   166   175   178   169  1
29    32    33    30   175   184   187   178  1
32    35    36    33   184   193   196   187  1
35    38    39    36   193   202   205   196  1
38    41    42    39   202   211   214   205  1
41    44    45    42   211   220   223   214  1
44    12    11    45   220    64    63   223  1
22    27    15    14   105   169   121   104  1
27    30    16    15   169   178   124   121  1
30    33    17    16   178   187   127   124  1
33    36    18    17   187   196   130   127  1
36    39    19    18   196   205   133   130  1
39    42    20    19   205   214   136   133  1
42    45    21    20   214   223   139   136  1
45    11    10    21   223    63    49   139  1
67    97   163   111    68    90   164   112  1
97    96   172   163    90    89   173   164  1
96    95   181   172    89    88   182   173  1
95    94   190   181    88    87   191   182  1
94    93   199   190    87    86   200   191  1
93    92   208   199    86    85   209   200  1
92    91   217   208    85    84   218   209  1
91    53    65   217    84    52    62   218  1
111   163   166   108   112   164   167   109 1
163   172   175   166   164   173   176   167 1
172   181   184   175   173   182   185   176 1
181   190   193   184   182   191   194   185 1
190   199   202   193   191   200   203   194 1
199   208   211   202   200   209   212   203 1
208   217   220   211   209   218   221   212 1
217    65    64   220   218    62    61   221 1
108   166   169   105   109   167   170   106 1
166   175   178   169   167   176   179   170 1
175   184   187   178   176   185   188   179 1
184   193   196   187   185   194   197   188 1
193   202   205   196   194   203   206   197 1
202   211   214   205   203   212   215   206 1
211   220   223   214   212   221   224   215 1
220    64    63   223   221    61    60   224 1
105   169   121   104   106   170   122   103 1
169   178   124   121   170   179   125   122 1
178   187   127   124   179   188   128   125 1
187   196   130   127   188   197   131   128 1
196   205   133   130   197   206   134   131 1
205   214   136   133   206   215   137   134 1
214   223   139   136   215   224   140   137 1
223    63    49   139   224    60    48   140 1
68    90   164   112    69    83   165   113  1
90    89   173   164    83    82   174   165  1
89    88   182   173    82    81   183   174  1
88    87   191   182    81    80   192   183  1
87    86   200   191    80    79   201   192  1
86    85   209   200    79    78   210   201  1
85    84   218   209    78    77   219   210  1
84    52    62   218    77    51    59   219  1
112   164   167   109   113   165   168   110 1
164   173   176   167   165   174   177   168 1
173   182   185   176   174   183   186   177 1
182   191   194   185   183   192   195   186 1
191   200   203   194   192   201   204   195 1
200   209   212   203   201   210   213   204 1
209   218   221   212   210   219   222   213 1
218    62    61   221   219    59    58   222 1
109   167   170   106   110   168   171   107 1
167   176   179   170   168   177   180   171 1
176   185   188   179   177   186   189   180 1
185   194   197   188   186   195   198   189 1
194   203   206   197   195   204   207   198 1
203   212   215   206   204   213   216   207 1
212   221   224   215   213   222   225   216 1
221    61    60   224   222    58    57   225 1
106   170   122   103   107   171   123   102 1
170   179   125   122   171   180   126   123 1
179   188   128   125   180   189   129   126 1
188   197   131   128   189   198   132   129 1
197   206   134   131   198   207   135   132 1
206   215   137   134   207   216   138   135 1
215   224   140   137   216   225   141   138 1
224    60    48   140   225    57    47   141 1
69    83   165   113    66    70   142    99  1
83    82   174   165    70    71   143   142  1
82    81   183   174    71    72   144   143  1
81    80   192   183    72    73   145   144  1
80    79   201   192    73    74   146   145  1
79    78   210   201    74    75   147   146  1
78    77   219   210    75    76   148   147  1
77    51    59   219    76    50    54   148  1
113   165   168   110    99   142   149   100 1
165   174   177   168   142   143   150   149 1
174   183   186   177   143   144   151   150 1
183   192   195   186   144   145   152   151 1 
192   201   204   195   145   146   153   152 1
201   210   213   204   146   147   154   153 1
210   219   222   213   147   148   155   154 1
219    59    58   222   148    54    55   155 1
110   168   171   107   100   149   156   101 1
168   177   180   171   149   150   157   156 1
177   186   189   180   150   151   158   157 1
186   195   198   189   151   152   159   158 1
195   204   207   198   152   153   160   159 1
204   213   216   207   153   154   161   160 1
213   222   225   216   154   155   162   161 1
222    58    57   225   155    55    56   162 1
107   171   123   102   101   156   114    98 1 
171   180   126   123   156   157   115   114 1
180   189   129   126   157   158   116   115 1
189   198   132   129   158   159   117   116 1
198   207   135   132   159   160   118   117 1
207   216   138   135   160   161   119   118 1
216   225   141   138   161   162   120   119 1
225    57    47   141   162    56    46   120 1
 

nodes
% Node num, x y z, Node number isn't ever stored in nodes matrix
1    0.420000000000E-07  0.320000000000E-07  0.190000000000E-06
2    0.740000000000E-07   0.00000000000       0.00000000000    
3    0.460000000000E-07  0.280000000000E-07  0.166250000000E-06
4    0.500000000000E-07  0.240000000000E-07  0.142500000000E-06
5    0.540000000000E-07  0.200000000000E-07  0.118750000000E-06
6    0.580000000000E-07  0.160000000000E-07  0.950000000000E-07
7    0.620000000000E-07  0.120000000000E-07  0.712500000000E-07
8    0.660000000000E-07  0.800000000000E-08  0.475000000000E-07
9    0.700000000000E-07  0.400000000000E-08  0.237500000000E-07
10     0.00000000000       0.00000000000       0.00000000000    
11    0.185000000000E-07   0.00000000000       0.00000000000    
12    0.370000000000E-07   0.00000000000       0.00000000000    
13    0.555000000000E-07   0.00000000000       0.00000000000    
14    0.320000000000E-07  0.320000000000E-07  0.190000000000E-06
15    0.280000000000E-07  0.280000000000E-07  0.166250000000E-06
16    0.240000000000E-07  0.240000000000E-07  0.142500000000E-06
17    0.200000000000E-07  0.200000000000E-07  0.118750000000E-06
18    0.160000000000E-07  0.160000000000E-07  0.950000000000E-07
19    0.120000000000E-07  0.120000000000E-07  0.712500000000E-07
20    0.800000000000E-08  0.800000000000E-08  0.475000000000E-07
21    0.400000000000E-08  0.400000000000E-08  0.237500000000E-07
22    0.345000000000E-07  0.320000000000E-07  0.190000000000E-06
23    0.370000000000E-07  0.320000000000E-07  0.190000000000E-06
24    0.395000000000E-07  0.320000000000E-07  0.190000000000E-06
25    0.415000000000E-07  0.280000000000E-07  0.166250000000E-06
26    0.370000000000E-07  0.280000000000E-07  0.166250000000E-06
27    0.325000000000E-07  0.280000000000E-07  0.166250000000E-06
    28    0.435000000000E-07  0.240000000000E-07  0.142500000000E-06
      29    0.370000000000E-07  0.240000000000E-07  0.142500000000E-06
      30    0.305000000000E-07  0.240000000000E-07  0.142500000000E-06
      31    0.455000000000E-07  0.200000000000E-07  0.118750000000E-06
      32    0.370000000000E-07  0.200000000000E-07  0.118750000000E-06
      33    0.285000000000E-07  0.200000000000E-07  0.118750000000E-06
      34    0.475000000000E-07  0.160000000000E-07  0.950000000000E-07
      35    0.370000000000E-07  0.160000000000E-07  0.950000000000E-07
      36    0.265000000000E-07  0.160000000000E-07  0.950000000000E-07
      37    0.495000000000E-07  0.120000000000E-07  0.712500000000E-07
      38    0.370000000000E-07  0.120000000000E-07  0.712500000000E-07
      39    0.245000000000E-07  0.120000000000E-07  0.712500000000E-07
      40    0.515000000000E-07  0.800000000000E-08  0.475000000000E-07
      41    0.370000000000E-07  0.800000000000E-08  0.475000000000E-07
      42    0.225000000000E-07  0.800000000000E-08  0.475000000000E-07
      43    0.535000000000E-07  0.400000000000E-08  0.237500000000E-07
      44    0.370000000000E-07  0.400000000000E-08  0.237500000000E-07
      45    0.205000000000E-07  0.400000000000E-08  0.237500000000E-07
      46     0.00000000000      0.740000000000E-07   0.00000000000    
      47     0.00000000000      0.555000000000E-07   0.00000000000    
      48     0.00000000000      0.370000000000E-07   0.00000000000    
      49     0.00000000000      0.185000000000E-07   0.00000000000    
      50    0.740000000000E-07  0.740000000000E-07   0.00000000000    
      51    0.740000000000E-07  0.555000000000E-07   0.00000000000    
      52    0.740000000000E-07  0.370000000000E-07   0.00000000000    
      53    0.740000000000E-07  0.185000000000E-07   0.00000000000    
      54    0.555000000000E-07  0.740000000000E-07   0.00000000000    
      55    0.370000000000E-07  0.740000000000E-07   0.00000000000    
      56    0.185000000000E-07  0.740000000000E-07   0.00000000000    
      57    0.185000000000E-07  0.555000000000E-07   0.00000000000    
      58    0.370000000000E-07  0.555000000000E-07   0.00000000000    
      59    0.555000000000E-07  0.555000000000E-07   0.00000000000    
      60    0.185000000000E-07  0.370000000000E-07   0.00000000000    
      61    0.370000000000E-07  0.370000000000E-07   0.00000000000    
      62    0.555000000000E-07  0.370000000000E-07   0.00000000000    
      63    0.185000000000E-07  0.185000000000E-07   0.00000000000    
      64    0.370000000000E-07  0.185000000000E-07   0.00000000000    
      65    0.555000000000E-07  0.185000000000E-07   0.00000000000    
      66    0.420000000000E-07  0.420000000000E-07  0.190000000000E-06
      67    0.420000000000E-07  0.345000000000E-07  0.190000000000E-06
      68    0.420000000000E-07  0.370000000000E-07  0.190000000000E-06
      69    0.420000000000E-07  0.395000000000E-07  0.190000000000E-06
      70    0.460000000000E-07  0.460000000000E-07  0.166250000000E-06
      71    0.500000000000E-07  0.500000000000E-07  0.142500000000E-06
      72    0.540000000000E-07  0.540000000000E-07  0.118750000000E-06
      73    0.580000000000E-07  0.580000000000E-07  0.950000000000E-07
      74    0.620000000000E-07  0.620000000000E-07  0.712500000000E-07
      75    0.660000000000E-07  0.660000000000E-07  0.475000000000E-07
      76    0.700000000000E-07  0.700000000000E-07  0.237500000000E-07
      77    0.700000000000E-07  0.535000000000E-07  0.237500000000E-07
      78    0.660000000000E-07  0.515000000000E-07  0.475000000000E-07
      79    0.620000000000E-07  0.495000000000E-07  0.712500000000E-07
      80    0.580000000000E-07  0.475000000000E-07  0.950000000000E-07
      81    0.540000000000E-07  0.455000000000E-07  0.118750000000E-06
      82    0.500000000000E-07  0.435000000000E-07  0.142500000000E-06
      83    0.460000000000E-07  0.415000000000E-07  0.166250000000E-06
      84    0.700000000000E-07  0.370000000000E-07  0.237500000000E-07
      85    0.660000000000E-07  0.370000000000E-07  0.475000000000E-07
      86    0.620000000000E-07  0.370000000000E-07  0.712500000000E-07
      87    0.580000000000E-07  0.370000000000E-07  0.950000000000E-07
      88    0.540000000000E-07  0.370000000000E-07  0.118750000000E-06
      89    0.500000000000E-07  0.370000000000E-07  0.142500000000E-06
      90    0.460000000000E-07  0.370000000000E-07  0.166250000000E-06
      91    0.700000000000E-07  0.205000000000E-07  0.237500000000E-07
      92    0.660000000000E-07  0.225000000000E-07  0.475000000000E-07
      93    0.620000000000E-07  0.245000000000E-07  0.712500000000E-07
      94    0.580000000000E-07  0.265000000000E-07  0.950000000000E-07
      95    0.540000000000E-07  0.285000000000E-07  0.118750000000E-06
      96    0.500000000000E-07  0.305000000000E-07  0.142500000000E-06
      97    0.460000000000E-07  0.325000000000E-07  0.166250000000E-06
      98    0.320000000000E-07  0.420000000000E-07  0.190000000000E-06
      99    0.395000000000E-07  0.420000000000E-07  0.190000000000E-06
     100    0.370000000000E-07  0.420000000000E-07  0.190000000000E-06
     101    0.345000000000E-07  0.420000000000E-07  0.190000000000E-06
     102    0.320000000000E-07  0.395000000000E-07  0.190000000000E-06
     103    0.320000000000E-07  0.370000000000E-07  0.190000000000E-06
     104    0.320000000000E-07  0.345000000000E-07  0.190000000000E-06
     105    0.345000000000E-07  0.345000000000E-07  0.190000000000E-06
     106    0.345000000000E-07  0.370000000000E-07  0.190000000000E-06
     107    0.345000000000E-07  0.395000000000E-07  0.190000000000E-06
     108    0.370000000000E-07  0.345000000000E-07  0.190000000000E-06
     109    0.370000000000E-07  0.370000000000E-07  0.190000000000E-06
     110    0.370000000000E-07  0.395000000000E-07  0.190000000000E-06
     111    0.395000000000E-07  0.345000000000E-07  0.190000000000E-06
     112    0.395000000000E-07  0.370000000000E-07  0.190000000000E-06
     113    0.395000000000E-07  0.395000000000E-07  0.190000000000E-06
     114    0.280000000000E-07  0.460000000000E-07  0.166250000000E-06
     115    0.240000000000E-07  0.500000000000E-07  0.142500000000E-06
     116    0.200000000000E-07  0.540000000000E-07  0.118750000000E-06
     117    0.160000000000E-07  0.580000000000E-07  0.950000000000E-07
     118    0.120000000000E-07  0.620000000000E-07  0.712500000000E-07
     119    0.800000000000E-08  0.660000000000E-07  0.475000000000E-07
     120    0.400000000000E-08  0.700000000000E-07  0.237500000000E-07
     121    0.280000000000E-07  0.325000000000E-07  0.166250000000E-06
     122    0.280000000000E-07  0.370000000000E-07  0.166250000000E-06
     123    0.280000000000E-07  0.415000000000E-07  0.166250000000E-06
     124    0.240000000000E-07  0.305000000000E-07  0.142500000000E-06
     125    0.240000000000E-07  0.370000000000E-07  0.142500000000E-06
     126    0.240000000000E-07  0.435000000000E-07  0.142500000000E-06
     127    0.200000000000E-07  0.285000000000E-07  0.118750000000E-06
     128    0.200000000000E-07  0.370000000000E-07  0.118750000000E-06
     129    0.200000000000E-07  0.455000000000E-07  0.118750000000E-06
     130    0.160000000000E-07  0.265000000000E-07  0.950000000000E-07
     131    0.160000000000E-07  0.370000000000E-07  0.950000000000E-07
     132    0.160000000000E-07  0.475000000000E-07  0.950000000000E-07
     133    0.120000000000E-07  0.245000000000E-07  0.712500000000E-07
     134    0.120000000000E-07  0.370000000000E-07  0.712500000000E-07
     135    0.120000000000E-07  0.495000000000E-07  0.712500000000E-07
     136    0.800000000000E-08  0.225000000000E-07  0.475000000000E-07
     137    0.800000000000E-08  0.370000000000E-07  0.475000000000E-07
     138    0.800000000000E-08  0.515000000000E-07  0.475000000000E-07
     139    0.400000000000E-08  0.205000000000E-07  0.237500000000E-07
     140    0.400000000000E-08  0.370000000000E-07  0.237500000000E-07
     141    0.400000000000E-08  0.535000000000E-07  0.237500000000E-07
     142    0.415000000000E-07  0.460000000000E-07  0.166250000000E-06
     143    0.435000000000E-07  0.500000000000E-07  0.142500000000E-06
     144    0.455000000000E-07  0.540000000000E-07  0.118750000000E-06
     145    0.475000000000E-07  0.580000000000E-07  0.950000000000E-07
     146    0.495000000000E-07  0.620000000000E-07  0.712500000000E-07
     147    0.515000000000E-07  0.660000000000E-07  0.475000000000E-07
     148    0.535000000000E-07  0.700000000000E-07  0.237500000000E-07
     149    0.370000000000E-07  0.460000000000E-07  0.166250000000E-06
     150    0.370000000000E-07  0.500000000000E-07  0.142500000000E-06
     151    0.370000000000E-07  0.540000000000E-07  0.118750000000E-06
     152    0.370000000000E-07  0.580000000000E-07  0.950000000000E-07
     153    0.370000000000E-07  0.620000000000E-07  0.712500000000E-07
     154    0.370000000000E-07  0.660000000000E-07  0.475000000000E-07
     155    0.370000000000E-07  0.700000000000E-07  0.237500000000E-07
     156    0.325000000000E-07  0.460000000000E-07  0.166250000000E-06
     157    0.305000000000E-07  0.500000000000E-07  0.142500000000E-06
     158    0.285000000000E-07  0.540000000000E-07  0.118750000000E-06
     159    0.265000000000E-07  0.580000000000E-07  0.950000000000E-07
     160    0.245000000000E-07  0.620000000000E-07  0.712500000000E-07
     161    0.225000000000E-07  0.660000000000E-07  0.475000000000E-07
     162    0.205000000000E-07  0.700000000000E-07  0.237500000000E-07
     163    0.415000000000E-07  0.325000000000E-07  0.166250000000E-06
     164    0.415000000000E-07  0.370000000000E-07  0.166250000000E-06
     165    0.415000000000E-07  0.415000000000E-07  0.166250000000E-06
     166    0.370000000000E-07  0.325000000000E-07  0.166250000000E-06
     167    0.370000000000E-07  0.370000000000E-07  0.166250000000E-06
     168    0.370000000000E-07  0.415000000000E-07  0.166250000000E-06
     169    0.325000000000E-07  0.325000000000E-07  0.166250000000E-06
     170    0.325000000000E-07  0.370000000000E-07  0.166250000000E-06
     171    0.325000000000E-07  0.415000000000E-07  0.166250000000E-06
     172    0.435000000000E-07  0.305000000000E-07  0.142500000000E-06
     173    0.435000000000E-07  0.370000000000E-07  0.142500000000E-06
     174    0.435000000000E-07  0.435000000000E-07  0.142500000000E-06
     175    0.370000000000E-07  0.305000000000E-07  0.142500000000E-06
     176    0.370000000000E-07  0.370000000000E-07  0.142500000000E-06
     177    0.370000000000E-07  0.435000000000E-07  0.142500000000E-06
     178    0.305000000000E-07  0.305000000000E-07  0.142500000000E-06
     179    0.305000000000E-07  0.370000000000E-07  0.142500000000E-06
     180    0.305000000000E-07  0.435000000000E-07  0.142500000000E-06
     181    0.455000000000E-07  0.285000000000E-07  0.118750000000E-06
     182    0.455000000000E-07  0.370000000000E-07  0.118750000000E-06
     183    0.455000000000E-07  0.455000000000E-07  0.118750000000E-06
     184    0.370000000000E-07  0.285000000000E-07  0.118750000000E-06
     185    0.370000000000E-07  0.370000000000E-07  0.118750000000E-06
     186    0.370000000000E-07  0.455000000000E-07  0.118750000000E-06
     187    0.285000000000E-07  0.285000000000E-07  0.118750000000E-06
     188    0.285000000000E-07  0.370000000000E-07  0.118750000000E-06
     189    0.285000000000E-07  0.455000000000E-07  0.118750000000E-06
     190    0.475000000000E-07  0.265000000000E-07  0.950000000000E-07
     191    0.475000000000E-07  0.370000000000E-07  0.950000000000E-07
     192    0.475000000000E-07  0.475000000000E-07  0.950000000000E-07
     193    0.370000000000E-07  0.265000000000E-07  0.950000000000E-07
     194    0.370000000000E-07  0.370000000000E-07  0.950000000000E-07
     195    0.370000000000E-07  0.475000000000E-07  0.950000000000E-07
     196    0.265000000000E-07  0.265000000000E-07  0.950000000000E-07
     197    0.265000000000E-07  0.370000000000E-07  0.950000000000E-07
     198    0.265000000000E-07  0.475000000000E-07  0.950000000000E-07
     199    0.495000000000E-07  0.245000000000E-07  0.712500000000E-07
     200    0.495000000000E-07  0.370000000000E-07  0.712500000000E-07
     201    0.495000000000E-07  0.495000000000E-07  0.712500000000E-07
     202    0.370000000000E-07  0.245000000000E-07  0.712500000000E-07
     203    0.370000000000E-07  0.370000000000E-07  0.712500000000E-07
     204    0.370000000000E-07  0.495000000000E-07  0.712500000000E-07
     205    0.245000000000E-07  0.245000000000E-07  0.712500000000E-07
     206    0.245000000000E-07  0.370000000000E-07  0.712500000000E-07
     207    0.245000000000E-07  0.495000000000E-07  0.712500000000E-07
     208    0.515000000000E-07  0.225000000000E-07  0.475000000000E-07
     209    0.515000000000E-07  0.370000000000E-07  0.475000000000E-07
     210    0.515000000000E-07  0.515000000000E-07  0.475000000000E-07
     211    0.370000000000E-07  0.225000000000E-07  0.475000000000E-07
     212    0.370000000000E-07  0.370000000000E-07  0.475000000000E-07
     213    0.370000000000E-07  0.515000000000E-07  0.475000000000E-07
     214    0.225000000000E-07  0.225000000000E-07  0.475000000000E-07
     215    0.225000000000E-07  0.370000000000E-07  0.475000000000E-07
     216    0.225000000000E-07  0.515000000000E-07  0.475000000000E-07
     217    0.535000000000E-07  0.205000000000E-07  0.237500000000E-07
     218    0.535000000000E-07  0.370000000000E-07  0.237500000000E-07
     219    0.535000000000E-07  0.535000000000E-07  0.237500000000E-07
     220    0.370000000000E-07  0.205000000000E-07  0.237500000000E-07
     221    0.370000000000E-07  0.370000000000E-07  0.237500000000E-07
     222    0.370000000000E-07  0.535000000000E-07  0.237500000000E-07
     223    0.205000000000E-07  0.205000000000E-07  0.237500000000E-07
     224    0.205000000000E-07  0.370000000000E-07  0.237500000000E-07
     225    0.205000000000E-07  0.535000000000E-07  0.237500000000E-07



points
1 1 1 1

fix clamp
61

% The preceeding put a clamp boundary condition on node 1.

fix surfaceball
12 1 0 0
12 0 0 1
10 0 0 1
11 0 0 1
13 0 0 1
2 0 0 1
49 0 0 1
63 0 0 1
64 0 0 1
65 0 0 1
53 0 0 1
48 0 0 1
60 0 0 1
62 0 0 1
52 0 0 1
47 0 0 1
57 0 0 1
58 0 0 1
59 0 0 1
51 0 0 1
46 0 0 1
56 0 0 1
55 0 0 1
54 0 0 1
50 0 0 1



load 
109 2 -10e-9


%fix pin
%1 0 0 1
%2 0 0 1
%

%
% The preceeding from fix pin on would create a simply supported
% beam in the x-y plane. Note that we needed to fix the translation
% in the z direction of the center node. We will still have torsion
% of the rod in it's middle about the x-axis, and extension of node
% 3 in the x-direction. Don't forget that the blank lines must be
% uncommented out to signify the end of data entry.

actions
%modalanalysis
%who
%fs %dump sorted natural frequencies to the screen
% The stuff inside actions is simply executed at the wfem prompt. Any
% Matlab command can also be executed here. For example, you could double
% the mass matrix then do another modal analysis. 
% This will display natural frequencies and prompt for mode shape display
%if uncommented
%modalreview
%fsold=fs %Let's store them for later comparison
%M=M/4; %Dividing M by 4 should double the natural frequencies
%fs=[]; % WFEM won't run another modal analysis unless I force it to 

%modalanalysis.
%modalanalysis
%disp('Natural Frequencies in KHz')
%fprintf('%7.3f %7.3f\n',[fsold'; fs'])
%disp('See, the natural frequency doubled as expected') % I wrote this out 
%to the output for the user to read after execution.
% Uncommenting this line will cause an exit from WFEM immediately after 
% execution
%end
%Let's do static analysis
staticanalysis
plotdeformed
%Here are the displacements, X
X