%variables
% Input file for pyramid

element properties
% Brick element format
% E G rho
steel  

% I also used "steel" as a property. WFEM has some of these predefined. 
% Run "units" and type "who" to see variables/values available inside your
% input file


BrickGuyan_project2 elements
% node1 node2 node3 node4 node5 node6 
% node7 node8 (beam properties number)
23    13     4    22   109   108    93   117 1
21    12    13    23   110   107   108   109 1
20    11    12    21   111   106   107   110 1
19    10    11    20   112   105   106   111 1
18     9    10    19   113   104   105   112 1
17     8     9    18   114   103   104   113 1
16     7     8    17   115   102   103   114 1
15    14     7    16   116    91   102   115 1
13     4    93   108    90    82    94   101 1
12    13   108   107    89    90   101   100 1
11    12   107   106    88    89   100    99 1
10    11   106   105    87    88    99    98 1
9    10   105   104    86    87    98    97 1
8     9   104   103    85    86    97    96 1
7     8   103   102    84    85    96    95 1
14     7   102    91    83    84    95    92 1
72     1     4    13    79    81    82    90 1
71    72    13    12    78    79    90    89 1
70    71    12    11    77    78    89    88 1
69    70    11    10    76    77    88    87 1
68    69    10     9    75    76    87    86 1
67    68     9     8    74    75    86    85 1
66    67     8     7    73    74    85    84 1
65    66     7    14    80    73    84    83 1
4     3     2     1    13    48    63    72 1
13    48    63    72    12    47    62    71 1
12    47    62    71    11    46    61    70 1
11    46    61    70    10    45    60    69 1
10    45    60    69     9    44    59    68 1
9    44    59    68     8    43    58    67 1
8    43    58    67     7    42    57    66 1
7    42    57    66    14    41    64    65 1
4     6     5     3    13    40    50    48 1
13    40    50    48    12    39    51    47 1
12    39    51    47    11    38    52    46 1
11    38    52    46    10    37    53    45 1
10    37    53    45     9    36    54    44 1
9    36    54    44     8    35    55    43 1
8    35    55    43     7    34    56    42 1
7    34    56    42    14    33    49    41 1
23    22     4    13    30    32     6    40 1
21    23    13    12    29    30    40    39 1
20    21    12    11    28    29    39    38 1
19    20    11    10    27    28    38    37 1
18    19    10     9    26    27    37    36 1
17    18     9     8    25    26    36    35 1
16    17     8     7    24    25    35    34 1
15    16     7    14    31    24    34    33 1 

nodes
% Node num, x y z, Node number isn't ever stored in nodes matrix
1   -0.433012701900E-08 -0.250000000000E-08  0.190000000000E-06
2   -0.250000000000E-08 -0.433012701900E-08  0.190000000000E-06
3     0.00000000000     -0.500000000000E-08  0.190000000000E-06
4     0.00000000000       0.00000000000      0.190000000000E-06
5    0.250000000000E-08 -0.433012701900E-08  0.190000000000E-06
6    0.433012701900E-08 -0.250000000000E-08  0.190000000000E-06
7     0.00000000000       0.00000000000      0.237500000000E-07
8     0.00000000000       0.00000000000      0.475000000000E-07
9     0.00000000000       0.00000000000      0.712500000000E-07
10     0.00000000000       0.00000000000      0.950000000000E-07
11     0.00000000000       0.00000000000      0.118750000000E-06
12     0.00000000000       0.00000000000      0.142500000000E-06
13     0.00000000000       0.00000000000      0.166250000000E-06
14     0.00000000000       0.00000000000       0.00000000000    
15    0.320429399400E-07  0.185000000000E-07   0.00000000000    
16    0.285788383249E-07  0.165000000000E-07  0.237500000000E-07
17    0.251147367097E-07  0.145000000000E-07  0.475000000000E-07
18    0.216506350946E-07  0.125000000000E-07  0.712500000000E-07
19    0.181865334795E-07  0.105000000000E-07  0.950000000000E-07
20    0.147224318644E-07  0.850000000000E-08  0.118750000000E-06
21    0.112583302492E-07  0.650000000000E-08  0.142500000000E-06
22    0.433012701900E-08  0.250000000000E-08  0.190000000000E-06
23    0.779422863413E-08  0.450000000000E-08  0.166250000000E-06
24    0.330000000000E-07   0.00000000000      0.237500000000E-07
25    0.290000000000E-07   0.00000000000      0.475000000000E-07
26    0.250000000000E-07   0.00000000000      0.712500000000E-07
27    0.210000000000E-07   0.00000000000      0.950000000000E-07
28    0.170000000000E-07   0.00000000000      0.118750000000E-06
29    0.130000000000E-07   0.00000000000      0.142500000000E-06
30    0.900000000000E-08   0.00000000000      0.166250000000E-06
31   0.370000000000E-07   0.00000000000       0.00000000000    
32    0.500000000000E-08   0.00000000000      0.190000000000E-06
33    0.320429399400E-07 -0.185000000000E-07   0.00000000000    
34    0.285788383249E-07 -0.165000000000E-07  0.237500000000E-07
35    0.251147367097E-07 -0.145000000000E-07  0.475000000000E-07
36    0.216506350946E-07 -0.125000000000E-07  0.712500000000E-07
37    0.181865334795E-07 -0.105000000000E-07  0.950000000000E-07
38    0.147224318644E-07 -0.850000000000E-08  0.118750000000E-06
39    0.112583302492E-07 -0.650000000000E-08  0.142500000000E-06
40    0.779422863413E-08 -0.450000000000E-08  0.166250000000E-06
41     0.00000000000     -0.370000000000E-07   0.00000000000    
42     0.00000000000     -0.330000000000E-07  0.237500000000E-07
43     0.00000000000     -0.290000000000E-07  0.475000000000E-07
44     0.00000000000     -0.250000000000E-07  0.712500000000E-07
45     0.00000000000     -0.210000000000E-07  0.950000000000E-07
46     0.00000000000     -0.170000000000E-07  0.118750000000E-06
47     0.00000000000     -0.130000000000E-07  0.142500000000E-06
48     0.00000000000     -0.900000000000E-08  0.166250000000E-06
49    0.185000000000E-07 -0.320429399400E-07   0.00000000000    
50    0.450000000000E-08 -0.779422863413E-08  0.166250000000E-06
51    0.650000000000E-08 -0.112583302492E-07  0.142500000000E-06
52    0.850000000000E-08 -0.147224318644E-07  0.118750000000E-06
53    0.105000000000E-07 -0.181865334795E-07  0.950000000000E-07
54    0.125000000000E-07 -0.216506350946E-07  0.712500000000E-07
55    0.145000000000E-07 -0.251147367097E-07  0.475000000000E-07
56    0.165000000000E-07 -0.285788383249E-07  0.237500000000E-07
57   -0.165000000000E-07 -0.285788383249E-07  0.237500000000E-07
58   -0.145000000000E-07 -0.251147367097E-07  0.475000000000E-07
59   -0.125000000000E-07 -0.216506350946E-07  0.712500000000E-07
60   -0.105000000000E-07 -0.181865334795E-07  0.950000000000E-07
61   -0.850000000000E-08 -0.147224318644E-07  0.118750000000E-06
62   -0.650000000000E-08 -0.112583302492E-07  0.142500000000E-06
63   -0.450000000000E-08 -0.779422863413E-08  0.166250000000E-06
64   -0.185000000000E-07 -0.320429399400E-07   0.00000000000    
65   -0.320429399400E-07 -0.185000000000E-07   0.00000000000    
66   -0.285788383249E-07 -0.165000000000E-07  0.237500000000E-07
67   -0.251147367097E-07 -0.145000000000E-07  0.475000000000E-07
68   -0.216506350946E-07 -0.125000000000E-07  0.712500000000E-07
69   -0.181865334795E-07 -0.105000000000E-07  0.950000000000E-07
70   -0.147224318644E-07 -0.850000000000E-08  0.118750000000E-06
71   -0.112583302492E-07 -0.650000000000E-08  0.142500000000E-06
72   -0.779422863413E-08 -0.450000000000E-08  0.166250000000E-06
73   -0.330000000000E-07   0.00000000000      0.237500000000E-07
74   -0.290000000000E-07   0.00000000000      0.475000000000E-07
75   -0.250000000000E-07   0.00000000000      0.712500000000E-07
76   -0.210000000000E-07   0.00000000000      0.950000000000E-07
77   -0.170000000000E-07   0.00000000000      0.118750000000E-06
78   -0.130000000000E-07   0.00000000000      0.142500000000E-06
79   -0.900000000000E-08   0.00000000000      0.166250000000E-06
80   -0.370000000000E-07   0.00000000000       0.00000000000        
81   -0.500000000000E-08   0.00000000000      0.190000000000E-06
82   -0.433012701900E-08  0.250000000000E-08  0.190000000000E-06
83   -0.320429399400E-07  0.185000000000E-07   0.00000000000    
84   -0.285788383249E-07  0.165000000000E-07  0.237500000000E-07
85   -0.251147367097E-07  0.145000000000E-07  0.475000000000E-07
86   -0.216506350946E-07  0.125000000000E-07  0.712500000000E-07
87   -0.181865334795E-07  0.105000000000E-07  0.950000000000E-07
88   -0.147224318644E-07  0.850000000000E-08  0.118750000000E-06
89   -0.112583302492E-07  0.650000000000E-08  0.142500000000E-06
90   -0.779422863413E-08  0.450000000000E-08  0.166250000000E-06
91     0.00000000000      0.370000000000E-07   0.00000000000    
92   -0.185000000000E-07  0.320429399400E-07   0.00000000000    
93     0.00000000000      0.500000000000E-08  0.190000000000E-06
94   -0.250000000000E-08  0.433012701900E-08  0.190000000000E-06
95   -0.165000000000E-07  0.285788383249E-07  0.237500000000E-07
96   -0.145000000000E-07  0.251147367097E-07  0.475000000000E-07
97   -0.125000000000E-07  0.216506350946E-07  0.712500000000E-07
98   -0.105000000000E-07  0.181865334795E-07  0.950000000000E-07
99   -0.850000000000E-08  0.147224318644E-07  0.118750000000E-06
100   -0.650000000000E-08  0.112583302492E-07  0.142500000000E-06
101   -0.450000000000E-08  0.779422863413E-08  0.166250000000E-06
102     0.00000000000      0.330000000000E-07  0.237500000000E-07
103     0.00000000000      0.290000000000E-07  0.475000000000E-07
104     0.00000000000      0.250000000000E-07  0.712500000000E-07
105     0.00000000000      0.210000000000E-07  0.950000000000E-07
106     0.00000000000      0.170000000000E-07  0.118750000000E-06
107     0.00000000000      0.130000000000E-07  0.142500000000E-06
108     0.00000000000      0.900000000000E-08  0.166250000000E-06
109    0.450000000000E-08  0.779422863413E-08  0.166250000000E-06
110    0.650000000000E-08  0.112583302492E-07  0.142500000000E-06
111    0.850000000000E-08  0.147224318644E-07  0.118750000000E-06
112    0.105000000000E-07  0.181865334795E-07  0.950000000000E-07
113    0.125000000000E-07  0.216506350946E-07  0.712500000000E-07
114    0.145000000000E-07  0.251147367097E-07  0.475000000000E-07
115    0.165000000000E-07  0.285788383249E-07  0.237500000000E-07
116    0.185000000000E-07  0.320429399400E-07   0.00000000000    
117    0.250000000000E-08  0.433012701900E-08  0.190000000000E-06



points
1 1 1 1

fix clamp
14

% The preceeding put a clamp boundary condition on node 1.

fix surfaceball
31 0 1 0
31 0 0 1
15 0 0 1
116 0 0 1
91 0 0 1
92 0 0 1
83 0 0 1
80 0 0 1
65 0 0 1
64 0 0 1
41 0 0 1
49 0 0 1
33 0 0 1



load 
4 2 -10e-9


%fix pin
%1 0 0 1
%2 0 0 1
%

%
% The preceeding from fix pin on would create a simply supported
% beam in the x-y plane. Note that we needed to fix the translation
% in the z direction of the center node. We will still have torsion
% of the rod in it's middle about the x-axis, and extension of node
% 3 in the x-direction. Don't forget that the blank lines must be
% uncommented out to signify the end of data entry.

actions
%modalanalysis
%who
%fs %dump sorted natural frequencies to the screen
% The stuff inside actions is simply executed at the wfem prompt. Any
% Matlab command can also be executed here. For example, you could double
% the mass matrix then do another modal analysis. 
% This will display natural frequencies and prompt for mode shape display
%if uncommented
%modalreview
%fsold=fs %Let's store them for later comparison
%M=M/4; %Dividing M by 4 should double the natural frequencies
%fs=[]; % WFEM won't run another modal analysis unless I force it to 

%modalanalysis.
%modalanalysis
%disp('Natural Frequencies in KHz')
%fprintf('%7.3f %7.3f\n',[fsold'; fs'])
%disp('See, the natural frequency doubled as expected') % I wrote this out 
%to the output for the user to read after execution.
% Uncommenting this line will cause an exit from WFEM immediately after 
% execution
%end
%Let's do static analysis
staticanalysis
plotdeformed
%Here are the displacements, X
X