
 LIST ALL SELECTED NODES.   DSYS=      0
 SORT TABLE ON  NODE  NODE  NODE

   NODE        X                   Y                   Z
1    0.420000000000E-07  0.320000000000E-07  0.190000000000E-06
2    0.740000000000E-07   0.00000000000       0.00000000000    
3    0.460000000000E-07  0.280000000000E-07  0.166250000000E-06
4    0.500000000000E-07  0.240000000000E-07  0.142500000000E-06
5    0.540000000000E-07  0.200000000000E-07  0.118750000000E-06
6    0.580000000000E-07  0.160000000000E-07  0.950000000000E-07
7    0.620000000000E-07  0.120000000000E-07  0.712500000000E-07
8    0.660000000000E-07  0.800000000000E-08  0.475000000000E-07
9    0.700000000000E-07  0.400000000000E-08  0.237500000000E-07
10     0.00000000000       0.00000000000       0.00000000000    
11    0.185000000000E-07   0.00000000000       0.00000000000    
12    0.370000000000E-07   0.00000000000       0.00000000000    
13    0.555000000000E-07   0.00000000000       0.00000000000    
14    0.320000000000E-07  0.320000000000E-07  0.190000000000E-06
15    0.280000000000E-07  0.280000000000E-07  0.166250000000E-06
16    0.240000000000E-07  0.240000000000E-07  0.142500000000E-06
17    0.200000000000E-07  0.200000000000E-07  0.118750000000E-06
18    0.160000000000E-07  0.160000000000E-07  0.950000000000E-07
19    0.120000000000E-07  0.120000000000E-07  0.712500000000E-07
20    0.800000000000E-08  0.800000000000E-08  0.475000000000E-07
21    0.400000000000E-08  0.400000000000E-08  0.237500000000E-07
22    0.345000000000E-07  0.320000000000E-07  0.190000000000E-06
23    0.370000000000E-07  0.320000000000E-07  0.190000000000E-06
24    0.395000000000E-07  0.320000000000E-07  0.190000000000E-06
25    0.415000000000E-07  0.280000000000E-07  0.166250000000E-06
26    0.370000000000E-07  0.280000000000E-07  0.166250000000E-06
27    0.325000000000E-07  0.280000000000E-07  0.166250000000E-06
    28    0.435000000000E-07  0.240000000000E-07  0.142500000000E-06
      29    0.370000000000E-07  0.240000000000E-07  0.142500000000E-06
      30    0.305000000000E-07  0.240000000000E-07  0.142500000000E-06
      31    0.455000000000E-07  0.200000000000E-07  0.118750000000E-06
      32    0.370000000000E-07  0.200000000000E-07  0.118750000000E-06
      33    0.285000000000E-07  0.200000000000E-07  0.118750000000E-06
      34    0.475000000000E-07  0.160000000000E-07  0.950000000000E-07
      35    0.370000000000E-07  0.160000000000E-07  0.950000000000E-07
      36    0.265000000000E-07  0.160000000000E-07  0.950000000000E-07
      37    0.495000000000E-07  0.120000000000E-07  0.712500000000E-07
      38    0.370000000000E-07  0.120000000000E-07  0.712500000000E-07
      39    0.245000000000E-07  0.120000000000E-07  0.712500000000E-07
      40    0.515000000000E-07  0.800000000000E-08  0.475000000000E-07
      41    0.370000000000E-07  0.800000000000E-08  0.475000000000E-07
      42    0.225000000000E-07  0.800000000000E-08  0.475000000000E-07
      43    0.535000000000E-07  0.400000000000E-08  0.237500000000E-07
      44    0.370000000000E-07  0.400000000000E-08  0.237500000000E-07
      45    0.205000000000E-07  0.400000000000E-08  0.237500000000E-07
      46     0.00000000000      0.740000000000E-07   0.00000000000    
      47     0.00000000000      0.555000000000E-07   0.00000000000    
      48     0.00000000000      0.370000000000E-07   0.00000000000    
      49     0.00000000000      0.185000000000E-07   0.00000000000    
      50    0.740000000000E-07  0.740000000000E-07   0.00000000000    
      51    0.740000000000E-07  0.555000000000E-07   0.00000000000    
      52    0.740000000000E-07  0.370000000000E-07   0.00000000000    
      53    0.740000000000E-07  0.185000000000E-07   0.00000000000    
      54    0.555000000000E-07  0.740000000000E-07   0.00000000000    
      55    0.370000000000E-07  0.740000000000E-07   0.00000000000    
      56    0.185000000000E-07  0.740000000000E-07   0.00000000000    
      57    0.185000000000E-07  0.555000000000E-07   0.00000000000    
      58    0.370000000000E-07  0.555000000000E-07   0.00000000000    
      59    0.555000000000E-07  0.555000000000E-07   0.00000000000    
      60    0.185000000000E-07  0.370000000000E-07   0.00000000000    
      61    0.370000000000E-07  0.370000000000E-07   0.00000000000    
      62    0.555000000000E-07  0.370000000000E-07   0.00000000000    
      63    0.185000000000E-07  0.185000000000E-07   0.00000000000    
      64    0.370000000000E-07  0.185000000000E-07   0.00000000000    
      65    0.555000000000E-07  0.185000000000E-07   0.00000000000    
      66    0.420000000000E-07  0.420000000000E-07  0.190000000000E-06
      67    0.420000000000E-07  0.345000000000E-07  0.190000000000E-06
      68    0.420000000000E-07  0.370000000000E-07  0.190000000000E-06
      69    0.420000000000E-07  0.395000000000E-07  0.190000000000E-06
      70    0.460000000000E-07  0.460000000000E-07  0.166250000000E-06
      71    0.500000000000E-07  0.500000000000E-07  0.142500000000E-06
      72    0.540000000000E-07  0.540000000000E-07  0.118750000000E-06
      73    0.580000000000E-07  0.580000000000E-07  0.950000000000E-07
      74    0.620000000000E-07  0.620000000000E-07  0.712500000000E-07
      75    0.660000000000E-07  0.660000000000E-07  0.475000000000E-07
      76    0.700000000000E-07  0.700000000000E-07  0.237500000000E-07
      77    0.700000000000E-07  0.535000000000E-07  0.237500000000E-07
      78    0.660000000000E-07  0.515000000000E-07  0.475000000000E-07
      79    0.620000000000E-07  0.495000000000E-07  0.712500000000E-07
      80    0.580000000000E-07  0.475000000000E-07  0.950000000000E-07
      81    0.540000000000E-07  0.455000000000E-07  0.118750000000E-06
      82    0.500000000000E-07  0.435000000000E-07  0.142500000000E-06
      83    0.460000000000E-07  0.415000000000E-07  0.166250000000E-06
      84    0.700000000000E-07  0.370000000000E-07  0.237500000000E-07
      85    0.660000000000E-07  0.370000000000E-07  0.475000000000E-07
      86    0.620000000000E-07  0.370000000000E-07  0.712500000000E-07
      87    0.580000000000E-07  0.370000000000E-07  0.950000000000E-07
      88    0.540000000000E-07  0.370000000000E-07  0.118750000000E-06
      89    0.500000000000E-07  0.370000000000E-07  0.142500000000E-06
      90    0.460000000000E-07  0.370000000000E-07  0.166250000000E-06
      91    0.700000000000E-07  0.205000000000E-07  0.237500000000E-07
      92    0.660000000000E-07  0.225000000000E-07  0.475000000000E-07
      93    0.620000000000E-07  0.245000000000E-07  0.712500000000E-07
      94    0.580000000000E-07  0.265000000000E-07  0.950000000000E-07
      95    0.540000000000E-07  0.285000000000E-07  0.118750000000E-06
      96    0.500000000000E-07  0.305000000000E-07  0.142500000000E-06
      97    0.460000000000E-07  0.325000000000E-07  0.166250000000E-06
      98    0.320000000000E-07  0.420000000000E-07  0.190000000000E-06
      99    0.395000000000E-07  0.420000000000E-07  0.190000000000E-06
     100    0.370000000000E-07  0.420000000000E-07  0.190000000000E-06
     101    0.345000000000E-07  0.420000000000E-07  0.190000000000E-06
     102    0.320000000000E-07  0.395000000000E-07  0.190000000000E-06
     103    0.320000000000E-07  0.370000000000E-07  0.190000000000E-06
     104    0.320000000000E-07  0.345000000000E-07  0.190000000000E-06
     105    0.345000000000E-07  0.345000000000E-07  0.190000000000E-06
     106    0.345000000000E-07  0.370000000000E-07  0.190000000000E-06
     107    0.345000000000E-07  0.395000000000E-07  0.190000000000E-06
     108    0.370000000000E-07  0.345000000000E-07  0.190000000000E-06
     109    0.370000000000E-07  0.370000000000E-07  0.190000000000E-06
     110    0.370000000000E-07  0.395000000000E-07  0.190000000000E-06
     111    0.395000000000E-07  0.345000000000E-07  0.190000000000E-06
     112    0.395000000000E-07  0.370000000000E-07  0.190000000000E-06
     113    0.395000000000E-07  0.395000000000E-07  0.190000000000E-06
     114    0.280000000000E-07  0.460000000000E-07  0.166250000000E-06
     115    0.240000000000E-07  0.500000000000E-07  0.142500000000E-06
     116    0.200000000000E-07  0.540000000000E-07  0.118750000000E-06
     117    0.160000000000E-07  0.580000000000E-07  0.950000000000E-07
     118    0.120000000000E-07  0.620000000000E-07  0.712500000000E-07
     119    0.800000000000E-08  0.660000000000E-07  0.475000000000E-07
     120    0.400000000000E-08  0.700000000000E-07  0.237500000000E-07
     121    0.280000000000E-07  0.325000000000E-07  0.166250000000E-06
     122    0.280000000000E-07  0.370000000000E-07  0.166250000000E-06
     123    0.280000000000E-07  0.415000000000E-07  0.166250000000E-06
     124    0.240000000000E-07  0.305000000000E-07  0.142500000000E-06
     125    0.240000000000E-07  0.370000000000E-07  0.142500000000E-06
     126    0.240000000000E-07  0.435000000000E-07  0.142500000000E-06
     127    0.200000000000E-07  0.285000000000E-07  0.118750000000E-06
     128    0.200000000000E-07  0.370000000000E-07  0.118750000000E-06
     129    0.200000000000E-07  0.455000000000E-07  0.118750000000E-06
     130    0.160000000000E-07  0.265000000000E-07  0.950000000000E-07
     131    0.160000000000E-07  0.370000000000E-07  0.950000000000E-07
     132    0.160000000000E-07  0.475000000000E-07  0.950000000000E-07
     133    0.120000000000E-07  0.245000000000E-07  0.712500000000E-07
     134    0.120000000000E-07  0.370000000000E-07  0.712500000000E-07
     135    0.120000000000E-07  0.495000000000E-07  0.712500000000E-07
     136    0.800000000000E-08  0.225000000000E-07  0.475000000000E-07
     137    0.800000000000E-08  0.370000000000E-07  0.475000000000E-07
     138    0.800000000000E-08  0.515000000000E-07  0.475000000000E-07
     139    0.400000000000E-08  0.205000000000E-07  0.237500000000E-07
     140    0.400000000000E-08  0.370000000000E-07  0.237500000000E-07
     141    0.400000000000E-08  0.535000000000E-07  0.237500000000E-07
     142    0.415000000000E-07  0.460000000000E-07  0.166250000000E-06
     143    0.435000000000E-07  0.500000000000E-07  0.142500000000E-06
     144    0.455000000000E-07  0.540000000000E-07  0.118750000000E-06
     145    0.475000000000E-07  0.580000000000E-07  0.950000000000E-07
     146    0.495000000000E-07  0.620000000000E-07  0.712500000000E-07
     147    0.515000000000E-07  0.660000000000E-07  0.475000000000E-07
     148    0.535000000000E-07  0.700000000000E-07  0.237500000000E-07
     149    0.370000000000E-07  0.460000000000E-07  0.166250000000E-06
     150    0.370000000000E-07  0.500000000000E-07  0.142500000000E-06
     151    0.370000000000E-07  0.540000000000E-07  0.118750000000E-06
     152    0.370000000000E-07  0.580000000000E-07  0.950000000000E-07
     153    0.370000000000E-07  0.620000000000E-07  0.712500000000E-07
     154    0.370000000000E-07  0.660000000000E-07  0.475000000000E-07
     155    0.370000000000E-07  0.700000000000E-07  0.237500000000E-07
     156    0.325000000000E-07  0.460000000000E-07  0.166250000000E-06
     157    0.305000000000E-07  0.500000000000E-07  0.142500000000E-06
     158    0.285000000000E-07  0.540000000000E-07  0.118750000000E-06
     159    0.265000000000E-07  0.580000000000E-07  0.950000000000E-07
     160    0.245000000000E-07  0.620000000000E-07  0.712500000000E-07
     161    0.225000000000E-07  0.660000000000E-07  0.475000000000E-07
     162    0.205000000000E-07  0.700000000000E-07  0.237500000000E-07
     163    0.415000000000E-07  0.325000000000E-07  0.166250000000E-06
     164    0.415000000000E-07  0.370000000000E-07  0.166250000000E-06
     165    0.415000000000E-07  0.415000000000E-07  0.166250000000E-06
     166    0.370000000000E-07  0.325000000000E-07  0.166250000000E-06
     167    0.370000000000E-07  0.370000000000E-07  0.166250000000E-06
     168    0.370000000000E-07  0.415000000000E-07  0.166250000000E-06
     169    0.325000000000E-07  0.325000000000E-07  0.166250000000E-06
     170    0.325000000000E-07  0.370000000000E-07  0.166250000000E-06
     171    0.325000000000E-07  0.415000000000E-07  0.166250000000E-06
     172    0.435000000000E-07  0.305000000000E-07  0.142500000000E-06
     173    0.435000000000E-07  0.370000000000E-07  0.142500000000E-06
     174    0.435000000000E-07  0.435000000000E-07  0.142500000000E-06
     175    0.370000000000E-07  0.305000000000E-07  0.142500000000E-06
     176    0.370000000000E-07  0.370000000000E-07  0.142500000000E-06
     177    0.370000000000E-07  0.435000000000E-07  0.142500000000E-06
     178    0.305000000000E-07  0.305000000000E-07  0.142500000000E-06
     179    0.305000000000E-07  0.370000000000E-07  0.142500000000E-06
     180    0.305000000000E-07  0.435000000000E-07  0.142500000000E-06
     181    0.455000000000E-07  0.285000000000E-07  0.118750000000E-06
     182    0.455000000000E-07  0.370000000000E-07  0.118750000000E-06
     183    0.455000000000E-07  0.455000000000E-07  0.118750000000E-06
     184    0.370000000000E-07  0.285000000000E-07  0.118750000000E-06
     185    0.370000000000E-07  0.370000000000E-07  0.118750000000E-06
     186    0.370000000000E-07  0.455000000000E-07  0.118750000000E-06
     187    0.285000000000E-07  0.285000000000E-07  0.118750000000E-06
     188    0.285000000000E-07  0.370000000000E-07  0.118750000000E-06
     189    0.285000000000E-07  0.455000000000E-07  0.118750000000E-06
     190    0.475000000000E-07  0.265000000000E-07  0.950000000000E-07
     191    0.475000000000E-07  0.370000000000E-07  0.950000000000E-07
     192    0.475000000000E-07  0.475000000000E-07  0.950000000000E-07
     193    0.370000000000E-07  0.265000000000E-07  0.950000000000E-07
     194    0.370000000000E-07  0.370000000000E-07  0.950000000000E-07
     195    0.370000000000E-07  0.475000000000E-07  0.950000000000E-07
     196    0.265000000000E-07  0.265000000000E-07  0.950000000000E-07
     197    0.265000000000E-07  0.370000000000E-07  0.950000000000E-07
     198    0.265000000000E-07  0.475000000000E-07  0.950000000000E-07
     199    0.495000000000E-07  0.245000000000E-07  0.712500000000E-07
     200    0.495000000000E-07  0.370000000000E-07  0.712500000000E-07
     201    0.495000000000E-07  0.495000000000E-07  0.712500000000E-07
     202    0.370000000000E-07  0.245000000000E-07  0.712500000000E-07
     203    0.370000000000E-07  0.370000000000E-07  0.712500000000E-07
     204    0.370000000000E-07  0.495000000000E-07  0.712500000000E-07
     205    0.245000000000E-07  0.245000000000E-07  0.712500000000E-07
     206    0.245000000000E-07  0.370000000000E-07  0.712500000000E-07
     207    0.245000000000E-07  0.495000000000E-07  0.712500000000E-07
     208    0.515000000000E-07  0.225000000000E-07  0.475000000000E-07
     209    0.515000000000E-07  0.370000000000E-07  0.475000000000E-07
     210    0.515000000000E-07  0.515000000000E-07  0.475000000000E-07
     211    0.370000000000E-07  0.225000000000E-07  0.475000000000E-07
     212    0.370000000000E-07  0.370000000000E-07  0.475000000000E-07
     213    0.370000000000E-07  0.515000000000E-07  0.475000000000E-07
     214    0.225000000000E-07  0.225000000000E-07  0.475000000000E-07
     215    0.225000000000E-07  0.370000000000E-07  0.475000000000E-07
     216    0.225000000000E-07  0.515000000000E-07  0.475000000000E-07
     217    0.535000000000E-07  0.205000000000E-07  0.237500000000E-07
     218    0.535000000000E-07  0.370000000000E-07  0.237500000000E-07
     219    0.535000000000E-07  0.535000000000E-07  0.237500000000E-07
     220    0.370000000000E-07  0.205000000000E-07  0.237500000000E-07
     221    0.370000000000E-07  0.370000000000E-07  0.237500000000E-07
     222    0.370000000000E-07  0.535000000000E-07  0.237500000000E-07
     223    0.205000000000E-07  0.205000000000E-07  0.237500000000E-07
     224    0.205000000000E-07  0.370000000000E-07  0.237500000000E-07
     225    0.205000000000E-07  0.535000000000E-07  0.237500000000E-07

