
 LIST ALL SELECTED NODES.   DSYS=      0
 SORT TABLE ON  NODE  NODE  NODE

   NODE        X                   Y                   Z
       1   -0.433012701900E-08 -0.250000000000E-08  0.190000000000E-06
       2   -0.250000000000E-08 -0.433012701900E-08  0.190000000000E-06
       3     0.00000000000     -0.500000000000E-08  0.190000000000E-06
       4     0.00000000000       0.00000000000      0.190000000000E-06
       5    0.250000000000E-08 -0.433012701900E-08  0.190000000000E-06
       6    0.433012701900E-08 -0.250000000000E-08  0.190000000000E-06
       7     0.00000000000       0.00000000000      0.237500000000E-07
       8     0.00000000000       0.00000000000      0.475000000000E-07
       9     0.00000000000       0.00000000000      0.712500000000E-07
      10     0.00000000000       0.00000000000      0.950000000000E-07
      11     0.00000000000       0.00000000000      0.118750000000E-06
      12     0.00000000000       0.00000000000      0.142500000000E-06
      13     0.00000000000       0.00000000000      0.166250000000E-06
      14     0.00000000000       0.00000000000       0.00000000000    
      15    0.320429399400E-07  0.185000000000E-07   0.00000000000    
      16    0.285788383249E-07  0.165000000000E-07  0.237500000000E-07
      17    0.251147367097E-07  0.145000000000E-07  0.475000000000E-07
      18    0.216506350946E-07  0.125000000000E-07  0.712500000000E-07
      19    0.181865334795E-07  0.105000000000E-07  0.950000000000E-07
      20    0.147224318644E-07  0.850000000000E-08  0.118750000000E-06

   NODE        X                   Y                   Z
      21    0.112583302492E-07  0.650000000000E-08  0.142500000000E-06
      22    0.433012701900E-08  0.250000000000E-08  0.190000000000E-06
      23    0.779422863413E-08  0.450000000000E-08  0.166250000000E-06
      24    0.330000000000E-07   0.00000000000      0.237500000000E-07
      25    0.290000000000E-07   0.00000000000      0.475000000000E-07
      26    0.250000000000E-07   0.00000000000      0.712500000000E-07
      27    0.210000000000E-07   0.00000000000      0.950000000000E-07
      28    0.170000000000E-07   0.00000000000      0.118750000000E-06
      29    0.130000000000E-07   0.00000000000      0.142500000000E-06
      30    0.900000000000E-08   0.00000000000      0.166250000000E-06
      31    0.370000000000E-07   0.00000000000       0.00000000000    
      32    0.500000000000E-08   0.00000000000      0.190000000000E-06
      33    0.320429399400E-07 -0.185000000000E-07   0.00000000000    
      34    0.285788383249E-07 -0.165000000000E-07  0.237500000000E-07
      35    0.251147367097E-07 -0.145000000000E-07  0.475000000000E-07
      36    0.216506350946E-07 -0.125000000000E-07  0.712500000000E-07
      37    0.181865334795E-07 -0.105000000000E-07  0.950000000000E-07
      38    0.147224318644E-07 -0.850000000000E-08  0.118750000000E-06
      39    0.112583302492E-07 -0.650000000000E-08  0.142500000000E-06
      40    0.779422863413E-08 -0.450000000000E-08  0.166250000000E-06

   NODE        X                   Y                   Z
      41     0.00000000000     -0.370000000000E-07   0.00000000000    
      42     0.00000000000     -0.330000000000E-07  0.237500000000E-07
      43     0.00000000000     -0.290000000000E-07  0.475000000000E-07
      44     0.00000000000     -0.250000000000E-07  0.712500000000E-07
      45     0.00000000000     -0.210000000000E-07  0.950000000000E-07
      46     0.00000000000     -0.170000000000E-07  0.118750000000E-06
      47     0.00000000000     -0.130000000000E-07  0.142500000000E-06
      48     0.00000000000     -0.900000000000E-08  0.166250000000E-06
      49    0.185000000000E-07 -0.320429399400E-07   0.00000000000    
      50    0.450000000000E-08 -0.779422863413E-08  0.166250000000E-06
      51    0.650000000000E-08 -0.112583302492E-07  0.142500000000E-06
      52    0.850000000000E-08 -0.147224318644E-07  0.118750000000E-06
      53    0.105000000000E-07 -0.181865334795E-07  0.950000000000E-07
      54    0.125000000000E-07 -0.216506350946E-07  0.712500000000E-07
      55    0.145000000000E-07 -0.251147367097E-07  0.475000000000E-07
      56    0.165000000000E-07 -0.285788383249E-07  0.237500000000E-07
      57   -0.165000000000E-07 -0.285788383249E-07  0.237500000000E-07
      58   -0.145000000000E-07 -0.251147367097E-07  0.475000000000E-07
      59   -0.125000000000E-07 -0.216506350946E-07  0.712500000000E-07
      60   -0.105000000000E-07 -0.181865334795E-07  0.950000000000E-07

   NODE        X                   Y                   Z
      61   -0.850000000000E-08 -0.147224318644E-07  0.118750000000E-06
      62   -0.650000000000E-08 -0.112583302492E-07  0.142500000000E-06
      63   -0.450000000000E-08 -0.779422863413E-08  0.166250000000E-06
      64   -0.185000000000E-07 -0.320429399400E-07   0.00000000000    
      65   -0.320429399400E-07 -0.185000000000E-07   0.00000000000    
      66   -0.285788383249E-07 -0.165000000000E-07  0.237500000000E-07
      67   -0.251147367097E-07 -0.145000000000E-07  0.475000000000E-07
      68   -0.216506350946E-07 -0.125000000000E-07  0.712500000000E-07
      69   -0.181865334795E-07 -0.105000000000E-07  0.950000000000E-07
      70   -0.147224318644E-07 -0.850000000000E-08  0.118750000000E-06
      71   -0.112583302492E-07 -0.650000000000E-08  0.142500000000E-06
      72   -0.779422863413E-08 -0.450000000000E-08  0.166250000000E-06
      73   -0.330000000000E-07   0.00000000000      0.237500000000E-07
      74   -0.290000000000E-07   0.00000000000      0.475000000000E-07
      75   -0.250000000000E-07   0.00000000000      0.712500000000E-07
      76   -0.210000000000E-07   0.00000000000      0.950000000000E-07
      77   -0.170000000000E-07   0.00000000000      0.118750000000E-06
      78   -0.130000000000E-07   0.00000000000      0.142500000000E-06
      79   -0.900000000000E-08   0.00000000000      0.166250000000E-06
      80   -0.370000000000E-07   0.00000000000       0.00000000000    

   NODE        X                   Y                   Z
      81   -0.500000000000E-08   0.00000000000      0.190000000000E-06
      82   -0.433012701900E-08  0.250000000000E-08  0.190000000000E-06
      83   -0.320429399400E-07  0.185000000000E-07   0.00000000000    
      84   -0.285788383249E-07  0.165000000000E-07  0.237500000000E-07
      85   -0.251147367097E-07  0.145000000000E-07  0.475000000000E-07
      86   -0.216506350946E-07  0.125000000000E-07  0.712500000000E-07
      87   -0.181865334795E-07  0.105000000000E-07  0.950000000000E-07
      88   -0.147224318644E-07  0.850000000000E-08  0.118750000000E-06
      89   -0.112583302492E-07  0.650000000000E-08  0.142500000000E-06
      90   -0.779422863413E-08  0.450000000000E-08  0.166250000000E-06
      91     0.00000000000      0.370000000000E-07   0.00000000000    
      92   -0.185000000000E-07  0.320429399400E-07   0.00000000000    
      93     0.00000000000      0.500000000000E-08  0.190000000000E-06
      94   -0.250000000000E-08  0.433012701900E-08  0.190000000000E-06
      95   -0.165000000000E-07  0.285788383249E-07  0.237500000000E-07
      96   -0.145000000000E-07  0.251147367097E-07  0.475000000000E-07
      97   -0.125000000000E-07  0.216506350946E-07  0.712500000000E-07
      98   -0.105000000000E-07  0.181865334795E-07  0.950000000000E-07
      99   -0.850000000000E-08  0.147224318644E-07  0.118750000000E-06
     100   -0.650000000000E-08  0.112583302492E-07  0.142500000000E-06

   NODE        X                   Y                   Z
     101   -0.450000000000E-08  0.779422863413E-08  0.166250000000E-06
     102     0.00000000000      0.330000000000E-07  0.237500000000E-07
     103     0.00000000000      0.290000000000E-07  0.475000000000E-07
     104     0.00000000000      0.250000000000E-07  0.712500000000E-07
     105     0.00000000000      0.210000000000E-07  0.950000000000E-07
     106     0.00000000000      0.170000000000E-07  0.118750000000E-06
     107     0.00000000000      0.130000000000E-07  0.142500000000E-06
     108     0.00000000000      0.900000000000E-08  0.166250000000E-06
     109    0.450000000000E-08  0.779422863413E-08  0.166250000000E-06
     110    0.650000000000E-08  0.112583302492E-07  0.142500000000E-06
     111    0.850000000000E-08  0.147224318644E-07  0.118750000000E-06
     112    0.105000000000E-07  0.181865334795E-07  0.950000000000E-07
     113    0.125000000000E-07  0.216506350946E-07  0.712500000000E-07
     114    0.145000000000E-07  0.251147367097E-07  0.475000000000E-07
     115    0.165000000000E-07  0.285788383249E-07  0.237500000000E-07
     116    0.185000000000E-07  0.320429399400E-07   0.00000000000    
     117    0.250000000000E-08  0.433012701900E-08  0.190000000000E-06

